10 hearts 15 010012
10 clubs 15 010012
10 spades 15 010012
10 diamonds 15 010012
11 hearts 15 010012
0 hearts 16 010012
1 hearts 16 010012
1 spades 16 010012
7 hearts 16 010012
7 clubs 16 010012
7 spades 16 010012
12 hearts 16 010012
12 clubs 16 010012
12 spades 16 010012
12 diamonds 16 010012
0 hearts 17 010012
0 clubs 17 010012
0 spades 17 010012
0 diamonds 17 010012
1 hearts 17 010012
1 clubs 17 010012
1 spades 17 010012
1 diamonds 17 010012
2 hearts 17 010012
2 clubs 17 010012
2 spades 17 010012
2 diamonds 17 010012
3 hearts 17 010012
3 clubs 17 010012
3 spades 17 010012
3 diamonds 17 010012
4 hearts 17 010012
4 clubs 17 010012
4 spades 17 010012
4 diamonds 17 010012
5 hearts 17 010012
5 clubs 17 010012
5 spades 17 010012
5 diamonds 17 010012
6 hearts 17 010012
6 clubs 17 010012
6 spades 17 010012
6 diamonds 17 010012
7 hearts 17 010012
7 clubs 17 010012
7 spades 17 010012
7 diamonds 17 010012
8 hearts 17 010012
8 clubs 17 010012
8 spades 17 010012
8 diamonds 17 010012
9 hearts 17 010012
9 clubs 17 010012
9 spades 17 010012
9 diamonds 17 010012
10 hearts 17 010012
10 clubs 17 010012
10 spades 17 010012
10 diamonds 17 010012
11 spades 17 010012
12 hearts 17 010012
12 clubs 17 010012
12 spades 17 010012
12 diamonds 17 010012
0 hearts 18 010012
0 clubs 18 010012
0 spades 18 010012
0 diamonds 18 010012
1 clubs 18 010012
10 diamonds 19 010012