0 hearts 10 010008
0 clubs 10 010008
0 spades 10 010008
0 diamonds 10 010008
1 hearts 10 010008
1 clubs 10 010008
1 spades 10 010008
1 diamonds 10 010008
2 hearts 10 010008
2 clubs 10 010008
2 spades 10 010008
2 diamonds 10 010008
3 hearts 10 010008
3 clubs 10 010008
3 spades 10 010008
3 diamonds 10 010008
4 hearts 10 010008
4 clubs 10 010008
4 spades 10 010008
4 diamonds 10 010008
11 hearts 10 010008
11 clubs 10 010008
12 hearts 10 010008
12 clubs 10 010008
12 spades 10 010008
12 diamonds 10 010008
0 hearts 11 010008
0 clubs 11 010008
0 spades 11 010008
0 diamonds 11 010008
1 hearts 11 010008
1 clubs 11 010008
1 spades 11 010008
1 diamonds 11 010008
2 hearts 11 010008
2 clubs 11 010008
2 spades 11 010008
2 diamonds 11 010008
3 hearts 11 010008
3 clubs 11 010008
3 spades 11 010008
3 diamonds 11 010008
4 hearts 11 010008
4 clubs 11 010008
4 spades 11 010008
4 diamonds 11 010008
5 hearts 11 010008
5 clubs 11 010008
5 spades 11 010008
5 diamonds 11 010008
6 hearts 11 010008
6 clubs 11 010008
6 spades 11 010008
6 diamonds 11 010008
7 hearts 11 010008
7 clubs 11 010008
7 spades 11 010008
7 diamonds 11 010008
8 hearts 11 010008
8 clubs 11 010008
8 spades 11 010008
8 diamonds 11 010008
9 hearts 11 010008
9 clubs 11 010008
9 spades 11 010008
9 diamonds 11 010008
10 hearts 11 010008
10 clubs 11 010008
10 spades 11 010008
10 diamonds 11 010008
11 hearts 11 010008
11 clubs 11 010008
11 spades 11 010008
11 diamonds 11 010008
12 hearts 11 010008
12 clubs 11 010008
12 spades 11 010008
12 diamonds 11 010008
0 hearts 12 010008
0 clubs 12 010008
0 spades 12 010008
0 diamonds 12 010008
1 hearts 12 010008
1 clubs 12 010008
1 spades 12 010008
1 diamonds 12 010008
2 hearts 12 010008
2 clubs 12 010008
2 spades 12 010008
2 diamonds 12 010008
3 hearts 12 010008
3 clubs 12 010008
3 spades 12 010008
3 diamonds 12 010008
4 hearts 12 010008
4 clubs 12 010008
4 spades 12 010008
4 diamonds 12 010008
5 hearts 12 010008
5 clubs 12 010008
5 spades 12 010008
5 diamonds 12 010008
6 hearts 12 010008
6 clubs 12 010008
6 spades 12 010008
6 diamonds 12 010008
7 hearts 12 010008
7 clubs 12 010008
7 spades 12 010008
7 diamonds 12 010008
9 hearts 12 010008
9 clubs 12 010008
9 spades 12 010008
9 diamonds 12 010008
8 hearts 18 010008
8 clubs 18 010008
12 hearts 18 010008
12 clubs 18 010008
9 hearts 19 010008