0 hearts 1 010003
0 clubs 1 010003
0 spades 1 010003
0 diamonds 1 010002
1 hearts 1 010004
1 clubs 1 010004
1 spades 1 010004
1 diamonds 1 010004
2 hearts 1 010004
2 clubs 1 010004
2 spades 1 010004
2 diamonds 1 010004
3 hearts 1 010002
3 clubs 1 010004
3 spades 1 010004
3 diamonds 1 010004
4 hearts 1 010003
4 clubs 1 010003
4 spades 1 010003
4 diamonds 1 010003
5 hearts 1 010003
5 clubs 1 010003
5 spades 1 010003
5 diamonds 1 010003
6 hearts 1 010003
6 clubs 1 010003
6 spades 1 010003
6 diamonds 1 010003
7 hearts 1 010003
7 clubs 1 010003
7 spades 1 010003
7 diamonds 1 010003
8 hearts 1 010003
8 clubs 1 010003
8 spades 1 010003
8 diamonds 1 010003
9 hearts 1 010003
9 clubs 1 010003
9 spades 1 010003
9 diamonds 1 010003
10 hearts 1 010003
10 clubs 1 010003
10 spades 1 010003
10 diamonds 1 010003
11 hearts 1 010003
11 clubs 1 010003
11 spades 1 010003
11 diamonds 1 010003
12 hearts 1 010003
12 clubs 1 010002
12 spades 1 010003
12 diamonds 1 010003
0 hearts 2 010005
0 clubs 2 010005
0 spades 2 010005
0 diamonds 2 010005
1 hearts 2 010005
1 clubs 2 010005
1 spades 2 010005
1 diamonds 2 010005
2 hearts 2 010005
2 clubs 2 010005
2 spades 2 010005
2 diamonds 2 010005
3 hearts 2 010003
3 clubs 2 010003
3 spades 2 010003
3 diamonds 2 010003
4 hearts 2 010004
4 clubs 2 010004
4 spades 2 010004
4 diamonds 2 010004
5 hearts 2 010004
5 clubs 2 010004
5 spades 2 010004
5 diamonds 2 010004
6 hearts 2 010004
6 clubs 2 010004
6 spades 2 010004
6 diamonds 2 010002
7 hearts 2 010004
7 clubs 2 010004
7 spades 2 010004
7 diamonds 2 010004
8 hearts 2 010004
8 clubs 2 010004
8 spades 2 010004
8 diamonds 2 010004
9 hearts 2 010004
9 clubs 2 010004
9 spades 2 010004
9 diamonds 2 010004
10 hearts 2 010004
10 clubs 2 010004
10 spades 2 010005
10 diamonds 2 010004
11 hearts 2 010005
11 clubs 2 010004
11 spades 2 010004
11 diamonds 2 010004
12 hearts 2 010005
12 clubs 2 010005
12 spades 2 010005
12 diamonds 2 010005
0 hearts 3 010003
0 clubs 3 010003
0 spades 3 010003
0 diamonds 3 010005
1 hearts 3 010003
1 clubs 3 010003
1 spades 3 010003
1 diamonds 3 010003
2 hearts 3 010003
2 clubs 3 010003
2 spades 3 010003
2 diamonds 3 010003
3 hearts 3 010003
3 clubs 3 010003
3 spades 3 010003
3 diamonds 3 010003
4 hearts 3 010003
4 clubs 3 010003
4 spades 3 010003
4 diamonds 3 010003
5 hearts 3 010003
5 clubs 3 010003
5 spades 3 010003
5 diamonds 3 010003
6 hearts 3 010004
6 clubs 3 010004
6 spades 3 010004
6 diamonds 3 010004
7 hearts 3 010004
7 clubs 3 010004
7 spades 3 010004
7 diamonds 3 010004
8 hearts 3 010003
8 clubs 3 010004
8 spades 3 010004
8 diamonds 3 010004
9 hearts 3 010004
9 clubs 3 010004
9 spades 3 010004
9 diamonds 3 010004
10 hearts 3 010004
10 clubs 3 010004
10 spades 3 010004
10 diamonds 3 010004
11 hearts 3 010004
11 clubs 3 010004
11 spades 3 010004
11 diamonds 3 010004
12 hearts 3 010004
12 clubs 3 010003
12 spades 3 010004
12 diamonds 3 010004
0 hearts 4 010004
0 clubs 4 010004
0 spades 4 010004
0 diamonds 4 010003
1 hearts 4 010004
1 clubs 4 010004
1 spades 4 010004
1 diamonds 4 010004
2 hearts 4 010004
2 clubs 4 010004
2 spades 4 010003
2 diamonds 4 010003
3 hearts 4 010004
3 clubs 4 010004
3 spades 4 010004
3 diamonds 4 010004
4 hearts 4 010004
4 clubs 4 010004
4 spades 4 010004
4 diamonds 4 010004
5 hearts 4 010004
5 clubs 4 010004
5 spades 4 010004
5 diamonds 4 010004
6 hearts 4 010004
6 clubs 4 010004
6 spades 4 010004
6 diamonds 4 010004
7 hearts 4 010004
7 clubs 4 010004
7 spades 4 010004
7 diamonds 4 010004
8 hearts 4 010004
8 clubs 4 010004
8 spades 4 010004
8 diamonds 4 010004
9 hearts 4 010004
9 clubs 4 010004
9 spades 4 010004
9 diamonds 4 010004
10 hearts 4 010004
10 clubs 4 010004
10 spades 4 010004
10 diamonds 4 010004
11 hearts 4 010005
11 clubs 4 010005
11 spades 4 010005
11 diamonds 4 010005
12 hearts 4 010005
12 clubs 4 010005
12 spades 4 010005
12 diamonds 4 010005
0 hearts 5 010004
0 clubs 5 010005
0 spades 5 010005
0 diamonds 5 010005
1 hearts 5 010005
1 clubs 5 010005
1 spades 5 010005
1 diamonds 5 010005
2 hearts 5 010005
2 clubs 5 010005
2 spades 5 010005
2 diamonds 5 010005
3 hearts 5 010005
3 clubs 5 010005
3 spades 5 010005
3 diamonds 5 010005
4 hearts 5 010005
4 clubs 5 010005
4 spades 5 010004
4 diamonds 5 010005
5 hearts 5 010004
5 clubs 5 010004
5 spades 5 010005
5 diamonds 5 010005
6 hearts 5 010005
6 clubs 5 010005
6 spades 5 010005
6 diamonds 5 010005
7 hearts 5 010005
7 clubs 5 010005
7 spades 5 010005
7 diamonds 5 010005
8 hearts 5 010005
8 clubs 5 010005
8 spades 5 010005
8 diamonds 5 010005
9 hearts 5 010005
9 clubs 5 010005
9 spades 5 010005
9 diamonds 5 010005
10 hearts 5 010005
10 clubs 5 010005
10 spades 5 010005
10 diamonds 5 010005
11 hearts 5 010005
11 clubs 5 010005
11 spades 5 010005
11 diamonds 5 010005
12 hearts 5 010005
12 clubs 5 010005
12 spades 5 010005
12 diamonds 5 010005
0 hearts 7 010003
0 clubs 7 010006
0 spades 7 010003
0 diamonds 7 010005
1 hearts 7 010005
1 clubs 7 010002
1 spades 7 010005
1 diamonds 7 010003
2 hearts 7 010007
2 clubs 7 010007
2 spades 7 010006
2 diamonds 7 010006
3 hearts 7 010006
3 clubs 7 010006
3 spades 7 010006
3 diamonds 7 010006
4 hearts 7 010006
4 clubs 7 010006
4 spades 7 010006
4 diamonds 7 010006
5 hearts 7 010006
5 clubs 7 010006
5 spades 7 010006
5 diamonds 7 010006
6 hearts 7 010006
6 clubs 7 010006
6 spades 7 010006
6 diamonds 7 010006
7 hearts 7 010006
7 clubs 7 010006
7 spades 7 010006
7 diamonds 7 010006
8 hearts 7 010006
8 clubs 7 010006
8 spades 7 010006
8 diamonds 7 010006
9 hearts 7 010006
9 clubs 7 010006
9 spades 7 010006
9 diamonds 7 010006
10 hearts 7 010006
10 clubs 7 010006
10 spades 7 010006
10 diamonds 7 010006
11 hearts 7 010006
11 clubs 7 010006
11 spades 7 010006
11 diamonds 7 010006
12 hearts 7 010007
12 clubs 7 010006
12 spades 7 010006
12 diamonds 7 010006
0 hearts 6 010003
0 clubs 6 010003
0 spades 6 010002
0 diamonds 6 010003
1 hearts 6 010005
1 clubs 6 010005
1 spades 6 010005
1 diamonds 6 010005
2 hearts 6 010004
2 clubs 6 010003
2 spades 6 010004
2 diamonds 6 010003
3 hearts 6 010003
3 clubs 6 010004
3 spades 6 010003
3 diamonds 6 010004
4 hearts 6 010005
4 clubs 6 010005
4 spades 6 010005
4 diamonds 6 010005
5 hearts 6 010005
5 clubs 6 010005
5 spades 6 010005
5 diamonds 6 010005
6 hearts 6 010005
6 clubs 6 010005
6 spades 6 010005
6 diamonds 6 010005
7 hearts 6 010005
7 clubs 6 010005
7 spades 6 010005
7 diamonds 6 010005
8 hearts 6 010005
8 clubs 6 010005
8 spades 6 010005
8 diamonds 6 010005
9 hearts 6 010005
9 clubs 6 010005
9 spades 6 010005
9 diamonds 6 010005
10 hearts 6 010005
10 clubs 6 010005
10 spades 6 010005
10 diamonds 6 010005
11 hearts 6 010005
11 clubs 6 010005
11 spades 6 010005
11 diamonds 6 010005
12 hearts 6 010005
12 clubs 6 010005
12 spades 6 010005
12 diamonds 6 010005
0 hearts 8 010006
0 clubs 8 010006
0 spades 8 010006
0 diamonds 8 010006
1 hearts 8 010006
1 clubs 8 010006
1 spades 8 010006
1 diamonds 8 010006
2 hearts 8 010006
2 clubs 8 010006
2 spades 8 010006
2 diamonds 8 010006
3 hearts 8 010006
3 clubs 8 010006
3 spades 8 010006
3 diamonds 8 010006
4 hearts 8 010006
4 clubs 8 010006
4 spades 8 010006
4 diamonds 8 010006
5 hearts 8 010006
5 clubs 8 010006
5 spades 8 010006
5 diamonds 8 010006
6 hearts 8 010006
6 clubs 8 010006
6 spades 8 010006
6 diamonds 8 010006
7 hearts 8 010006
7 clubs 8 010006
7 spades 8 010006
7 diamonds 8 010006
8 hearts 8 010006
8 clubs 8 010006
8 spades 8 010006
8 diamonds 8 010006
9 hearts 8 010006
9 clubs 8 010006
9 spades 8 010006
9 diamonds 8 010006
10 hearts 8 010006
10 clubs 8 010006
10 spades 8 010006
10 diamonds 8 010006
11 hearts 8 010006
11 clubs 8 010006
11 spades 8 010006
11 diamonds 8 010006
12 hearts 8 010006
12 clubs 8 010006
12 spades 8 010006
12 diamonds 8 010006
0 hearts 9 010006
0 clubs 9 010006
0 spades 9 010006
0 diamonds 9 010006
1 hearts 9 010006
1 clubs 9 010006
1 spades 9 010006
1 diamonds 9 010006
2 hearts 9 010006
2 clubs 9 010006
2 spades 9 010006
2 diamonds 9 010006
3 hearts 9 010007
3 clubs 9 010007
3 spades 9 010007
3 diamonds 9 010007
4 hearts 9 010007
4 clubs 9 010007
4 spades 9 010006
4 diamonds 9 010007
5 hearts 9 010006
5 clubs 9 010006
5 spades 9 010006
5 diamonds 9 010006
6 hearts 9 010007
6 clubs 9 010007
6 spades 9 010007
6 diamonds 9 010007
7 hearts 9 010007
7 clubs 9 010007
7 spades 9 010007
7 diamonds 9 010007
8 hearts 9 010007
8 clubs 9 010007
8 spades 9 010007
8 diamonds 9 010007
9 hearts 9 010007
9 clubs 9 010007
9 spades 9 010007
9 diamonds 9 010007
10 hearts 9 010007
10 clubs 9 010007
10 spades 9 010007
10 diamonds 9 010007
11 hearts 9 010007
11 clubs 9 010007
11 spades 9 010007
11 diamonds 9 010007
12 hearts 9 010007
12 clubs 9 010007
12 spades 9 010007
12 diamonds 9 010007
0 hearts 10 010008
0 clubs 10 010008
0 spades 10 010008
0 diamonds 10 010008
1 hearts 10 010008
1 clubs 10 010008
1 spades 10 010008
1 diamonds 10 010008
2 hearts 10 010008
2 clubs 10 010008
2 spades 10 010008
2 diamonds 10 010008
3 hearts 10 010008
3 clubs 10 010008
3 spades 10 010008
3 diamonds 10 010008
4 hearts 10 010008
4 clubs 10 010008
4 spades 10 010008
4 diamonds 10 010008
5 hearts 10 010007
5 clubs 10 010007
5 spades 10 010007
5 diamonds 10 010007
6 hearts 10 010007
6 clubs 10 010007
6 spades 10 010007
6 diamonds 10 010007
7 hearts 10 010007
7 clubs 10 010007
7 spades 10 010007
7 diamonds 10 010007
8 hearts 10 010007
8 clubs 10 010007
8 spades 10 010007
8 diamonds 10 010007
10 hearts 10 010007
10 clubs 10 010007
10 spades 10 010007
10 diamonds 10 010007
11 hearts 10 010008
11 clubs 10 010008
11 spades 10 010007
11 diamonds 10 010007
12 hearts 10 010008
12 clubs 10 010008
12 spades 10 010008
12 diamonds 10 010008
0 hearts 11 010008
0 clubs 11 010008
0 spades 11 010008
0 diamonds 11 010008
1 hearts 11 010008
1 clubs 11 010008
1 spades 11 010008
1 diamonds 11 010008
2 hearts 11 010008
2 clubs 11 010008
2 spades 11 010008
2 diamonds 11 010008
3 hearts 11 010008
3 clubs 11 010008
3 spades 11 010008
3 diamonds 11 010008
4 hearts 11 010008
4 clubs 11 010008
4 spades 11 010008
4 diamonds 11 010008
5 hearts 11 010008
5 clubs 11 010008
5 spades 11 010008
5 diamonds 11 010008
6 hearts 11 010008
6 clubs 11 010008
6 spades 11 010008
6 diamonds 11 010008
7 hearts 11 010008
7 clubs 11 010008
7 spades 11 010008
7 diamonds 11 010008
8 hearts 11 010008
8 clubs 11 010008
8 spades 11 010008
8 diamonds 11 010008
9 hearts 11 010008
9 clubs 11 010008
9 spades 11 010008
9 diamonds 11 010008
10 hearts 11 010008
10 clubs 11 010008
10 spades 11 010008
10 diamonds 11 010008
11 hearts 11 010008
11 clubs 11 010008
11 spades 11 010008
11 diamonds 11 010008
12 hearts 11 010008
12 clubs 11 010008
12 spades 11 010008
12 diamonds 11 010008
0 hearts 12 010008
0 clubs 12 010008
0 spades 12 010008
0 diamonds 12 010008
1 hearts 12 010008
1 clubs 12 010008
1 spades 12 010008
1 diamonds 12 010008
2 hearts 12 010008
2 clubs 12 010008
2 spades 12 010008
2 diamonds 12 010008
3 hearts 12 010008
3 clubs 12 010008
3 spades 12 010008
3 diamonds 12 010008
4 hearts 12 010008
4 clubs 12 010008
4 spades 12 010008
4 diamonds 12 010008
5 hearts 12 010008
5 clubs 12 010008
5 spades 12 010008
5 diamonds 12 010008
6 hearts 12 010008
6 clubs 12 010008
6 spades 12 010008
6 diamonds 12 010008
7 hearts 12 010008
7 clubs 12 010008
7 spades 12 010008
7 diamonds 12 010008
8 hearts 12 010009
8 clubs 12 010009
8 spades 12 010009
8 diamonds 12 010009
9 hearts 12 010008
9 clubs 12 010008
9 spades 12 010008
9 diamonds 12 010008
10 hearts 12 010009
10 clubs 12 010009
10 spades 12 010009
10 diamonds 12 010009
11 hearts 12 010009
11 clubs 12 010009
11 spades 12 010009
11 diamonds 12 010009
12 hearts 12 010009
12 clubs 12 010009
12 spades 12 010009
12 diamonds 12 010009
0 hearts 15 010011
0 clubs 15 010011
0 spades 15 010011
0 diamonds 15 010011
1 hearts 15 010011
1 clubs 15 010011
1 spades 15 010011
1 diamonds 15 010011
2 hearts 15 010011
2 clubs 15 010011
2 spades 15 010011
2 diamonds 15 010011
3 hearts 15 010011
3 clubs 15 010011
3 spades 15 010011
3 diamonds 15 010011
4 hearts 15 010011
4 clubs 15 010011
4 spades 15 010011
4 diamonds 15 010011
5 hearts 15 010011
5 clubs 15 010011
5 spades 15 010011
5 diamonds 15 010011
6 hearts 15 010011
6 clubs 15 010011
6 spades 15 010011
6 diamonds 15 010011
7 hearts 15 010011
7 clubs 15 010011
7 spades 15 010011
7 diamonds 15 010011
8 hearts 15 010011
8 clubs 15 010011
8 spades 15 010011
8 diamonds 15 010011
9 hearts 15 010011
9 clubs 15 010011
9 spades 15 010011
9 diamonds 15 010011
10 hearts 15 010012
10 clubs 15 010012
10 spades 15 010012
10 diamonds 15 010012
11 hearts 15 010012
11 clubs 15 010011
11 spades 15 010011
11 diamonds 15 010011
12 hearts 15 010011
12 clubs 15 010011
12 spades 15 010011
12 diamonds 15 010011
0 hearts 13 010009
0 clubs 13 010009
0 spades 13 010009
0 diamonds 13 010009
1 hearts 13 010009
1 clubs 13 010009
1 spades 13 010009
1 diamonds 13 010009
2 hearts 13 010009
2 clubs 13 010009
2 spades 13 010009
2 diamonds 13 010009
3 hearts 13 010009
3 clubs 13 010009
3 spades 13 010009
3 diamonds 13 010009
4 hearts 13 010009
4 clubs 13 010009
4 spades 13 010009
4 diamonds 13 010009
5 hearts 13 010009
5 clubs 13 010009
5 spades 13 010009
5 diamonds 13 010009
6 hearts 13 010009
6 clubs 13 010009
6 spades 13 010009
6 diamonds 13 010009
7 hearts 13 010009
7 clubs 13 010009
7 spades 13 010009
7 diamonds 13 010009
8 hearts 13 010011
8 clubs 13 010011
8 spades 13 010011
8 diamonds 13 010011
9 hearts 13 010011
9 clubs 13 010011
9 spades 13 010011
9 diamonds 13 010011
10 hearts 13 010011
10 clubs 13 010011
10 spades 13 010011
10 diamonds 13 010011
11 hearts 13 010011
11 clubs 13 010011
11 spades 13 010011
11 diamonds 13 010011
12 hearts 13 010011
12 clubs 13 010011
12 spades 13 010011
12 diamonds 13 010011
0 hearts 14 010009
0 clubs 14 010009
0 spades 14 010009
0 diamonds 14 010009
1 hearts 14 010009
1 clubs 14 010009
1 spades 14 010009
1 diamonds 14 010009
2 hearts 14 010009
2 clubs 14 010009
2 spades 14 010009
2 diamonds 14 010009
3 hearts 14 010009
3 clubs 14 010009
3 spades 14 010009
3 diamonds 14 010009
4 hearts 14 010009
4 clubs 14 010009
4 spades 14 010009
4 diamonds 14 010009
5 hearts 14 010009
5 clubs 14 010009
5 spades 14 010009
5 diamonds 14 010009
6 hearts 14 010009
6 clubs 14 010009
6 spades 14 010009
6 diamonds 14 010009
7 hearts 14 010009
7 clubs 14 010009
7 spades 14 010009
7 diamonds 14 010009
8 hearts 14 010009
8 clubs 14 010009
8 spades 14 010009
8 diamonds 14 010009
9 hearts 14 010009
9 clubs 14 010009
9 spades 14 010009
9 diamonds 14 010009
10 hearts 14 010009
10 clubs 14 010009
10 spades 14 010009
10 diamonds 14 010009
11 hearts 14 010009
11 clubs 14 010009
11 spades 14 010009
11 diamonds 14 010009
12 hearts 14 010009
12 clubs 14 010009
12 spades 14 010009
12 diamonds 14 010009
0 hearts 16 010012
0 clubs 16 010011
0 spades 16 010011
0 diamonds 16 010011
1 hearts 16 010012
1 clubs 16 010011
1 spades 16 010012
1 diamonds 16 010011
2 hearts 16 010011
2 clubs 16 010011
2 spades 16 010011
2 diamonds 16 010011
3 hearts 16 010011
3 clubs 16 010011
3 spades 16 010011
3 diamonds 16 010011
4 hearts 16 010011
4 clubs 16 010011
4 spades 16 010011
4 diamonds 16 010011
5 hearts 16 010011
5 clubs 16 010011
5 spades 16 010011
5 diamonds 16 010011
6 hearts 16 010011
6 clubs 16 010011
6 spades 16 010011
6 diamonds 16 010011
7 hearts 16 010012
7 clubs 16 010012
7 spades 16 010012
7 diamonds 16 010011
8 hearts 16 010009
8 clubs 16 010009
8 spades 16 010011
8 diamonds 16 010011
9 hearts 16 010009
9 clubs 16 010009
9 spades 16 010009
9 diamonds 16 010009
10 hearts 16 010011
10 clubs 16 010011
10 spades 16 010011
10 diamonds 16 010011
11 hearts 16 010011
11 clubs 16 010011
11 spades 16 010011
11 diamonds 16 010011
12 hearts 16 010012
12 clubs 16 010012
12 spades 16 010012
12 diamonds 16 010012
0 hearts 17 010012
0 clubs 17 010012
0 spades 17 010012
0 diamonds 17 010012
1 hearts 17 010012
1 clubs 17 010012
1 spades 17 010012
1 diamonds 17 010012
2 hearts 17 010012
2 clubs 17 010012
2 spades 17 010012
2 diamonds 17 010012
3 hearts 17 010012
3 clubs 17 010012
3 spades 17 010012
3 diamonds 17 010012
4 hearts 17 010012
4 clubs 17 010012
4 spades 17 010012
4 diamonds 17 010012
5 hearts 17 010012
5 clubs 17 010012
5 spades 17 010012
5 diamonds 17 010012
6 hearts 17 010012
6 clubs 17 010012
6 spades 17 010012
6 diamonds 17 010012
7 hearts 17 010012
7 clubs 17 010012
7 spades 17 010012
7 diamonds 17 010012
8 hearts 17 010012
8 clubs 17 010012
8 spades 17 010012
8 diamonds 17 010012
9 hearts 17 010012
9 clubs 17 010012
9 spades 17 010012
9 diamonds 17 010012
10 hearts 17 010012
10 clubs 17 010012
10 spades 17 010012
10 diamonds 17 010012
11 hearts 17 010006
11 clubs 17 010006
11 spades 17 010012
11 diamonds 17 010006
12 hearts 17 010012
12 clubs 17 010012
12 spades 17 010012
12 diamonds 17 010012
0 hearts 18 010012
0 clubs 18 010012
0 spades 18 010012
0 diamonds 18 010012
1 hearts 18 010003
1 clubs 18 010012
1 spades 18 010004
1 diamonds 18 010004
2 hearts 18 010009
2 clubs 18 010009
2 spades 18 010004
2 diamonds 18 010004
3 hearts 18 010005
3 clubs 18 010005
3 spades 18 010006
3 diamonds 18 010005
4 hearts 18 010004
4 clubs 18 010005
4 spades 18 010006
4 diamonds 18 010006
5 hearts 18 010006
5 clubs 18 010006
5 spades 18 010007
5 diamonds 18 010007
6 hearts 18 010003
6 clubs 18 010003
6 spades 18 010003
6 diamonds 18 010003
7 hearts 18 010009
7 clubs 18 010003
7 spades 18 010004
7 diamonds 18 010003
8 hearts 18 010008
8 clubs 18 010008
8 spades 18 010004
8 diamonds 18 010005
9 hearts 18 010003
9 clubs 18 010003
9 spades 18 010005
9 diamonds 18 010003
10 hearts 18 010003
10 clubs 18 010004
10 spades 18 010002
10 diamonds 18 010003
11 hearts 18 010004
11 clubs 18 010004
11 spades 18 010004
11 diamonds 18 010004
12 hearts 18 010008
12 clubs 18 010008
12 spades 18 010006
12 diamonds 18 010009
0 hearts 19 010007
0 clubs 19 010007
0 spades 19 010007
0 diamonds 19 010007
1 hearts 19 010007
1 clubs 19 010007
1 spades 19 010007
1 diamonds 19 010007
2 hearts 19 010007
2 clubs 19 010007
2 spades 19 010007
2 diamonds 19 010007
3 hearts 19 010007
3 clubs 19 010007
3 spades 19 010007
3 diamonds 19 010007
4 hearts 19 010007
4 clubs 19 010007
4 spades 19 010007
4 diamonds 19 010007
5 hearts 19 010007
5 clubs 19 010007
5 spades 19 010007
5 diamonds 19 010007
6 hearts 19 010007
6 clubs 19 010007
6 spades 19 010007
6 diamonds 19 010007
7 hearts 19 010007
7 clubs 19 010007
7 spades 19 010007
7 diamonds 19 010007
8 hearts 19 010007
8 clubs 19 010007
8 spades 19 010007
8 diamonds 19 010007
9 hearts 19 010008
9 clubs 19 010006
9 spades 19 010009
9 diamonds 19 010011
10 hearts 19 010011
10 clubs 19 010006
10 spades 19 010006
10 diamonds 19 010012
11 hearts 19 010007
11 clubs 19 010007
11 spades 19 010011
11 diamonds 19 010011
12 hearts 19 010007
12 clubs 19 010007
12 spades 19 010007
12 diamonds 19 010007