260
260
273
273
286
286
299
260
260
274
274
287
287
300
262
262
275
275
288
288
301
263
263
276
276
289
289
302
264
264
277
277
290
290
303
265
265
278
278
291
291
304
266
266
279
279
292
292
305
267
267
280
280
293
293
306
268
268
281
281
294
294
307
269
269
282
282
295
295
308
271
271
284
284
297
297
310
272
272
285
285
298
298
311
273
273
286
286
299
299
312
936
936
949
949
962
962
975
936
936
949
949
962
962
975
936
936
949
949
962
962
975
936
936
949
949
962
962
975
936
936
949
949
962
962
975
936
936
949
949
962
962
975
936
936
949
949
962
962
975
936
936
949
949
962
962
975
936
936
949
949
962
962
975
936
936
949
949
962
962
975
936
936
949
949
962
962
975
936
936
949
949
962
962
975
936
936
949
949
962
962
975
208
208
221
221
234
234
247
208
208
221
221
234
234
247
208
208
221
221
234
234
247
208
208
221
221
234
234
247
208
208
221
221
234
234
247
208
208
221
221
234
234
247
208
208
221
221
234
234
247
208
208
221
221
234
234
247
208
208
221
221
234
234
247
208
208
221
221
234
234
247
208
208
221
221
234
234
247
208
208
221
221
234
234
247
208
208
221
221
234
234
247
676
676
689
689
702
702
715
676
676
689
689
702
702
715
679
679
692
692
705
705
718
680
680
693
693
706
706
719
681
681
694
694
707
707
720
682
682
695
695
708
708
721
683
683
696
696
709
709
722
684
684
697
697
710
710
723
685
685
698
698
711
711
724
686
686
699
699
712
712
725
687
687
700
700
713
713
726
688
688
701
701
714
714
727
689
689
702
702
715
715
728
429
429
430
430
443
443
456
418
418
431
431
444
444
457
419
419
432
432
445
445
458
420
420
433
433
446
446
459
421
421
434
434
447
447
460
422
422
435
435
448
448
461
423
423
436
436
449
449
462
424
424
437
437
450
450
463
425
425
438
438
451
451
464
426
426
439
439
452
452
465
427
427
440
440
453
453
466
428
428
441
441
454
454
467
429
429
442
442
455
455
468
312
312
325
325
338
338
351
314
314
327
327
340
340
353
315
315
328
328
341
341
354
316
316
329
329
342
342
355
317
317
330
330
343
343
356
318
318
331
331
344
344
357
319
319
332
332
345
345
358
320
320
333
333
346
346
359
321
321
334
334
347
347
360
322
322
335
335
348
348
361
323
323
336
336
349
349
362
324
324
337
337
350
350
363
325
325
338
338
351
351
364
626
626
639
639
652
652
665
624
624
637
637
650
650
663
627
627
640
640
653
653
666
628
628
641
641
654
654
667
629
629
642
642
655
655
668
630
630
643
643
656
656
669
631
631
644
644
657
657
670
632
632
645
645
658
658
671
633
633
646
646
659
659
672
634
634
647
647
660
660
673
635
635
648
648
661
661
674
636
636
649
649
662
662
675
637
637
650
650
663
663
676
468
468
481
481
494
494
507
470
470
483
483
496
496
509
471
471
484
484
497
497
510
472
472
485
485
498
498
511
473
473
486
486
499
499
512
474
474
487
487
500
500
513
475
475
488
488
501
501
514
476
476
489
489
502
502
515
477
477
490
490
503
503
516
479
479
492
492
505
505
518
479
479
492
492
505
505
518
480
480
493
493
506
506
519
481
481
494
494
507
507
520
884
884
897
897
910
910
923
886
886
899
899
912
912
925
887
887
900
900
913
913
926
888
888
901
901
914
914
927
889
889
902
902
915
915
928
890
890
903
903
916
916
929
891
891
904
904
917
917
930
892
892
905
905
918
918
931
893
893
906
906
919
919
932
894
894
907
907
920
920
933
895
895
908
908
921
921
934
896
896
909
909
922
922
935
897
897
910
910
923
923
936
104
104
117
117
130
130
143
106
106
119
119
132
132
145
107
107
120
120
133
133
146
108
108
121
121
134
134
147
109
109
122
122
135
135
148
110
110
123
123
136
136
149
111
111
124
124
137
137
150
112
112
125
125
138
138
151
113
113
126
126
139
139
152
126
126
139
139
152
115
115
128
128
141
141
154
116
116
129
129
142
142
155
117
117
130
130
143
143
156
0
0
13
13
26
26
39
2
2
15
15
28
28
41
3
3
16
16
29
29
42
4
4
17
17
30
30
43
5
5
18
18
31
31
44
6
6
19
19
32
32
45
7
7
20
20
33
33
46
8
8
21
21
34
34
47
9
9
22
22
35
35
48
10
10
23
23
36
36
49
11
11
24
24
37
37
50
12
12
25
25
38
38
51
13
13
26
26
39
39
52
364
364
377
377
390
390
403
366
366
379
379
392
392
405
367
367
380
380
393
393
406
368
368
381
381
394
394
407
369
369
382
382
395
395
408
370
370
383
383
396
396
409
371
371
384
384
397
397
410
372
372
385
385
398
398
411
373
373
386
386
399
399
412
374
374
387
387
400
400
413
375
375
388
388
401
401
414
376
376
389
389
402
402
415
377
377
390
390
403
403
416
780
780
793
793
806
806
819
782
782
795
795
808
808
821
783
783
796
796
809
809
822
784
784
797
797
810
810
823
785
785
798
798
811
811
824
786
786
799
799
812
812
825
787
787
800
800
813
813
826
788
788
801
801
814
814
827
789
789
802
802
815
815
828
790
790
803
803
816
816
829
791
791
804
804
817
817
830
792
792
805
805
818
818
831
793
793
806
806
819
819
832
832
832
845
845
858
858
871
834
834
847
847
860
860
873
835
835
848
848
861
861
874
836
836
849
849
862
862
875
837
837
850
850
863
863
876
838
838
851
851
864
864
877
839
839
852
852
865
865
878
840
840
853
853
866
866
879
841
841
854
854
867
867
880
842
842
855
855
868
868
881
843
843
856
856
869
869
882
844
844
857
857
870
870
883
845
845
858
858
871
871
884
728
728
741
741
754
754
767
730
730
743
743
756
756
769
731
731
744
744
757
757
770
732
732
745
745
758
758
771
733
733
746
746
759
759
772
734
734
747
747
760
760
773
735
735
748
748
761
761
774
736
736
749
749
762
762
775
737
737
750
750
763
763
776
738
738
751
751
764
764
777
739
739
752
752
765
765
778
740
740
753
753
766
766
779
741
741
754
754
767
767
780
208
208
221
221
234
234
247
210
210
223
223
236
236
249
211
211
224
224
237
237
250
212
212
225
225
238
238
251
213
213
226
226
239
239
252
214
214
227
227
240
240
253
215
215
228
228
241
241
254
216
216
229
229
242
242
255
217
217
230
230
243
243
256
218
218
231
231
244
244
257
219
219
232
232
245
245
258
220
220
233
233
246
246
259
221
221
234
234
247
247
260
520
520
533
533
546
546
559
522
522
535
535
548
548
561
523
523
536
536
549
549
562
524
524
537
537
550
550
563
525
525
538
538
551
551
564
526
526
539
539
552
552
565
527
527
540
540
553
553
566
528
528
541
541
554
554
567
529
529
542
542
555
555
568
530
530
543
543
556
556
569
531
531
544
544
557
557
570
525
525
538
538
551
551
564
533
533
546
546
559
559
572
572
572
585
585
598
598
611
574
574
587
587
600
600
613
575
575
588
588
601
601
614
576
576
589
589
602
602
615
577
577
590
590
603
603
616
578
578
591
591
604
604
617
579
579
592
592
605
605
618
580
580
593
593
606
606
619
581
581
594
594
607
607
620
582
582
595
595
608
608
621
583
583
596
596
609
609
622
584
584
597
597
610
610
623
585
585
598
598
611
611
624
52
52
65
65
78
78
91
54
54
67
67
80
80
93
55
55
68
68
81
81
94
56
56
69
69
82
82
95
57
57
70
70
83
83
96
58
58
71
71
84
84
97
59
59
72
72
85
85
98
60
60
73
73
86
86
99
61
61
74
74
87
87
100
62
62
75
75
88
88
101
63
63
76
76
89
89
102
64
64
77
77
90
90
103
65
65
78
78
91
91
104